1	01-07-2017 00:06	01-07-2017 00:10	1	1.2	1	N	249	90	1	5.5	0.5	0.5	1.35	0	0.3	8.15
1	01-07-2017 00:20	01-07-2017 00:21	2	0.2	1	N	249	158	2	3	0.5	0.5	0	0	0.3	4.3
1	01-07-2017 00:44	01-07-2017 00:59	1	4.3	1	N	100	45	1	15.5	0.5	0.5	3.35	0	0.3	20.15
1	01-07-2017 00:07	01-07-2017 00:31	1	8.3	1	N	138	162	1	27	0.5	0.5	6.8	5.76	0.3	40.86
1	01-07-2017 00:01	01-07-2017 00:16	1	1.9	1	N	107	158	1	10.5	0.5	0.5	0	0	0.3	11.8
1	01-07-2017 00:23	01-07-2017 00:43	2	4.7	1	N	158	263	1	17	0.5	0.5	3	0	0.3	21.3
1	01-07-2017 00:30	01-07-2017 00:46	3	2.3	1	N	246	162	1	12	0.5	0.5	2.65	0	0.3	15.95
1	01-07-2017 00:04	01-07-2017 00:25	1	5.4	1	N	17	90	1	19	0.5	0.5	2	0	0.3	22.3
1	01-07-2017 00:12	01-07-2017 00:21	2	1.6	1	N	170	237	2	8	0.5	0.5	0	0	0.3	9.3
1	01-07-2017 00:40	01-07-2017 00:56	3	2.6	1	N	163	90	1	12	0.5	0.5	3.3	0	0.3	16.6
1	01-07-2017 00:24	01-07-2017 00:28	1	1.1	1	N	142	143	1	5.5	0.5	0.5	1	0	0.3	7.8
1	01-07-2017 00:48	01-07-2017 01:13	1	5.9	1	N	137	17	1	21.5	0.5	0.5	4.55	0	0.3	27.35
1	01-07-2017 00:01	01-07-2017 00:17	1	6.9	1	N	132	76	2	22	0.5	0.5	0	0	0.3	23.3
1	01-07-2017 00:57	01-07-2017 01:41	1	20.3	1	N	132	61	1	57.5	0.5	0.5	14.7	0	0.3	73.5
1	01-07-2017 00:39	01-07-2017 00:47	2	2	1	N	144	66	1	9	0.5	0.5	2.05	0	0.3	12.35
2	01-07-2017 00:26	01-07-2017 00:34	1	1.15	1	N	114	231	2	7	0.5	0.5	0	0	0.3	8.3
2	01-07-2017 00:39	01-07-2017 00:53	1	2.66	1	N	231	246	2	11.5	0.5	0.5	0	0	0.3	12.8
2	01-07-2017 00:59	01-07-2017 01:27	1	7.97	1	N	158	116	1	27.5	0.5	0.5	2	0	0.3	30.8
1	01-07-2017 00:18	01-07-2017 00:26	1	1.5	1	N	161	142	1	7.5	0.5	0.5	1.75	0	0.3	10.55
1	01-07-2017 00:40	01-07-2017 00:50	4	1.7	1	N	161	186	2	8.5	0.5	0.5	0	0	0.3	9.8
1	01-07-2017 00:53	01-07-2017 00:56	2	0.5	1	N	186	68	1	4.5	0.5	0.5	1.15	0	0.3	6.95
1	01-07-2017 00:59	01-07-2017 01:04	1	1.2	1	N	68	48	2	6	0.5	0.5	0	0	0.3	7.3
1	01-07-2017 00:41	01-07-2017 01:09	1	18.2	1	N	132	147	1	48.5	0.5	0.5	11.1	5.76	0.3	66.66
2	01-07-2017 00:34	01-07-2017 00:51	5	13.16	1	N	132	16	2	35.5	0.5	0.5	0	0	0.3	36.8
2	01-07-2017 00:24	01-07-2017 00:40	1	3.1	1	N	148	13	1	14	0.5	0.5	2.3	0	0.3	17.6
2	01-07-2017 00:49	01-07-2017 00:52	1	0.82	1	N	13	158	2	5	0.5	0.5	0	0	0.3	6.3
1	01-07-2017 00:24	01-07-2017 00:43	3	4	1	N	233	74	2	16	0.5	0.5	0	0	0.3	17.3
1	01-07-2017 00:55	01-07-2017 01:12	1	4.9	1	N	237	223	1	17.5	0.5	0.5	4.7	0	0.3	23.5